0
0
0
0
0
0
0
0
0
0
0
0
0
0
0
0
0
0
0
0
0
0
0
0
0
0
0
0
0
0
0
0
0
0
0
0
0
0
0
0
0
0
0
0
0
0
0
0
0
0
0
0
0
0
0
0
0
0
0
0
0
0
0
0
0
0
0
0
0
0
0
0
0
0
1
3
0
1
1
1
3
5
6
2
9
15
20
21
32
45
41
45
74
78
75
85
106
144
144
178
168
226
196
244
289
318
308
316
319
361
369
405
407
397
405
404
419
405
401
408
405
399
427
388
425
438
411
400
395
419
351
363
369
374
363
350
350
365
342
346
336
323
333
355
316
294
332
314
306
317
321
308
276
290
287
320
284
307
302
293
276
309
289
280
289
294
293
276
300
288
276
306
291
288
281
313
286
288
265
294
279
308
288
295
303
268
281
338
350
323
291
313
336
343
349
302
386
347
356
350
371
382
424
387
411
420
402
380
385
426
436
416
459
442
508
475
502
541
562
536
603
593
616
707
778
812
876
1006
1129
1278
1422
1630
1845
1928
2049
2382
2679
3190
3789
4414
5434
6785
8351
10216
13515
17601
22908
28517
32744
33293
23449
9501
1943
260
59
5
Total 291154
75 7301503715
76 28930325152
77 28930325152
78 35956823081
79 42892468466
80 49737695032
81 70005836002
82 103346706059
83 142831091586
84 155816946388
85 213471375562
86 308285419843
87 433015408207
88 562214897808
89 756422221203
90 1025827843546
91 1267934967557
92 1529995356597
93 1955016231437
94 2396865694417
95 2815828208110
96 3284016010209
97 3859724183993
98 4631016311511
99 5391670764301
100 6318953520736
101 7182024566228
102 8327058417444
103 9306375518429
104 10508587566521
105 11913102681223
106 13437727123754
107 14894379381120
108 16368342814683
109 17835702492160
110 19473336021566
111 21124253485498
112 22911387762517
113 24682724958290
114 26386510188242
115 28100157768500
116 29785280524217
117 31507952073761
118 33148955791492
119 34749816778548
120 36354366894431
121 37923145328093
122 39445072756206
123 41048788950699
124 42483294920347
125 44029761113310
126 45598416506684
127 47046776877345
128 48433209428498
129 49779403086241
130 51183320603295
131 52339023342793
132 53512883373113
133 54684643428389
134 55850646219564
135 56961398563064
136 58012093436919
137 59042509117204
138 60096124334582
139 61063737071235
140 62022789644354
141 62934865518099
142 63793080991732
143 64658785163544
144 65561643663156
145 66347453794407
146 67061673788013
147 67849333349845
148 68576638518879
149 69268140488535
150 69966709431251
151 70656257163353
152 71300793396567
153 71862883269206
154 72437194904994
155 72989586220687
156 73587960370930
157 74103517739819
158 74644079088877
159 75159557250794
160 75643877457361
161 76085146709406
162 76562633103695
163 76993903959464
164 77396819401456
165 77797366666266
166 78189435881899
167 78564928529303
168 78904249260309
169 79257577472533
170 79582057103983
171 79878849537746
172 80192414320916
173 80476067371003
174 80742375306959
175 80988162404971
176 81246572392544
177 81468771266829
178 81678428136333
179 81858322790813
180 82043598012913
181 82206026727561
182 82370757817867
183 82511312877398
184 82641479357460
185 82761207691074
186 82854657803946
187 82939527841079
188 83026551372518
189 83101792443147
190 83157482590949
191 83194926952598
192 83221537179583
193 83235936376205
194 83236553156436
195 83223083469913
196 83199004244679
197 83152854999282
198 83098068259265
199 83028050807379
200 82945779087553
201 82844600561998
202 82726484344198
203 82580638755020
204 82434229712118
205 82264612369691
206 82077336279433
207 81884764992487
208 81689859722537
209 81479303127784
210 81232500984158
211 80966479754334
212 80699868287344
213 80392003086407
214 80082784379782
215 79713529803479
216 79355832071471
217 78964720014343
218 78530181982135
219 78066214409314
220 77611769598946
221 77087830491774
222 76561048638802
223 76002149696050
224 75349332954055
225 74621510808037
226 73853942159990
227 73019113136788
228 72056692036313
229 70978033929257
230 69764787760881
231 68430029339437
232 66925590083470
233 65261509789785
234 63567351403405
235 61814723767247
236 59841055773492
237 57705746001782
238 55280517645615
239 52563809575921
240 49610430518024
241 46262523604934
242 42483804154358
243 38358970353375
244 33961261652030
245 29016527400090
246 23711096977001
247 18180486662481
248 12768398844447
249 7865868885920
250 3800405324687
251 1270952943754
252 261161149012
253 41068525448
254 8791525054
255 746231453
threshold 194
